TracePro Surface Source Property Data
File Name  C:\Users\usr1\Desktop\project\optical\tracepro\source\CXA1507_LED1.txt
TracePro Release: 7 0 0
Database Version: 3 3 0
Data generated at Source Source Property Generator

Name   CXA1507_LED1
Catalog    CXA1507
Description    
User_Data  1
Spectral Type  3
Angular Type   4
Units  0
Quantity   1
Emission   14.8
Wavelength1    0
Wavelength2    0
Angle1 90
Angle2 10

Temperature	Wavelength	PolarAngle	AzimuthAngle	Emissivity
300	0.3809	0.000	0.000	0
300	0.3809	3.103	0.000	0
300	0.3809	6.207	0.000	0
300	0.3809	9.310	0.000	0
300	0.3809	12.414	0.000	0
300	0.3809	15.517	0.000	0
300	0.3809	18.621	0.000	0
300	0.3809	21.724	0.000	0
300	0.3809	24.828	0.000	0
300	0.3809	27.931	0.000	0
300	0.3809	31.034	0.000	0
300	0.3809	34.138	0.000	0
300	0.3809	37.241	0.000	0
300	0.3809	40.345	0.000	0
300	0.3809	43.448	0.000	0
300	0.3809	46.552	0.000	0
300	0.3809	49.655	0.000	0
300	0.3809	52.759	0.000	0
300	0.3809	55.862	0.000	0
300	0.3809	58.966	0.000	0
300	0.3809	62.069	0.000	0
300	0.3809	65.172	0.000	0
300	0.3809	68.276	0.000	0
300	0.3809	71.379	0.000	0
300	0.3809	74.483	0.000	0
300	0.3809	77.586	0.000	0
300	0.3809	80.690	0.000	0
300	0.3809	83.793	0.000	0
300	0.3809	86.897	0.000	0
300	0.3809	90.000	0.000	0
300	0.3912	0.000	0.000	0
300	0.3912	3.103	0.000	0
300	0.3912	6.207	0.000	0
300	0.3912	9.310	0.000	0
300	0.3912	12.414	0.000	0
300	0.3912	15.517	0.000	0
300	0.3912	18.621	0.000	0
300	0.3912	21.724	0.000	0
300	0.3912	24.828	0.000	0
300	0.3912	27.931	0.000	0
300	0.3912	31.034	0.000	0
300	0.3912	34.138	0.000	0
300	0.3912	37.241	0.000	0
300	0.3912	40.345	0.000	0
300	0.3912	43.448	0.000	0
300	0.3912	46.552	0.000	0
300	0.3912	49.655	0.000	0
300	0.3912	52.759	0.000	0
300	0.3912	55.862	0.000	0
300	0.3912	58.966	0.000	0
300	0.3912	62.069	0.000	0
300	0.3912	65.172	0.000	0
300	0.3912	68.276	0.000	0
300	0.3912	71.379	0.000	0
300	0.3912	74.483	0.000	0
300	0.3912	77.586	0.000	0
300	0.3912	80.690	0.000	0
300	0.3912	83.793	0.000	0
300	0.3912	86.897	0.000	0
300	0.3912	90.000	0.000	0
300	0.4014	0.000	0.000	0.001829225
300	0.4014	3.103	0.000	0.001826891
300	0.4014	6.207	0.000	0.001819536
300	0.4014	9.310	0.000	0.001807147
300	0.4014	12.414	0.000	0.001789668
300	0.4014	15.517	0.000	0.001766666
300	0.4014	18.621	0.000	0.001737221
300	0.4014	21.724	0.000	0.001700379
300	0.4014	24.828	0.000	0.001655694
300	0.4014	27.931	0.000	0.001604822
300	0.4014	31.034	0.000	0.001551067
300	0.4014	34.138	0.000	0.001496048
300	0.4014	37.241	0.000	0.001438075
300	0.4014	40.345	0.000	0.00137439
300	0.4014	43.448	0.000	0.001302247
300	0.4014	46.552	0.000	0.001220822
300	0.4014	49.655	0.000	0.001135337
300	0.4014	52.759	0.000	0.001054278
300	0.4014	55.862	0.000	0.0009774815
300	0.4014	58.966	0.000	0.0008948316
300	0.4014	62.069	0.000	0.0007984951
300	0.4014	65.172	0.000	0.0006947384
300	0.4014	68.276	0.000	0.0005932084
300	0.4014	71.379	0.000	0.0004818979
300	0.4014	74.483	0.000	0.00036257
300	0.4014	77.586	0.000	0.0002760855
300	0.4014	80.690	0.000	0.0001884828
300	0.4014	83.793	0.000	9.680309E-05
300	0.4014	86.897	0.000	3.574271E-05
300	0.4014	90.000	0.000	0
300	0.4116	0.000	0.000	0.02651213
300	0.4116	3.103	0.000	0.0264783
300	0.4116	6.207	0.000	0.02637169
300	0.4116	9.310	0.000	0.02619213
300	0.4116	12.414	0.000	0.02593881
300	0.4116	15.517	0.000	0.02560542
300	0.4116	18.621	0.000	0.02517866
300	0.4116	21.724	0.000	0.02464469
300	0.4116	24.828	0.000	0.02399703
300	0.4116	27.931	0.000	0.02325971
300	0.4116	31.034	0.000	0.02248061
300	0.4116	34.138	0.000	0.02168318
300	0.4116	37.241	0.000	0.02084294
300	0.4116	40.345	0.000	0.01991991
300	0.4116	43.448	0.000	0.01887429
300	0.4116	46.552	0.000	0.01769416
300	0.4116	49.655	0.000	0.01645517
300	0.4116	52.759	0.000	0.01528033
300	0.4116	55.862	0.000	0.01416726
300	0.4116	58.966	0.000	0.01296937
300	0.4116	62.069	0.000	0.0115731
300	0.4116	65.172	0.000	0.01006929
300	0.4116	68.276	0.000	0.008597747
300	0.4116	71.379	0.000	0.006984455
300	0.4116	74.483	0.000	0.005254958
300	0.4116	77.586	0.000	0.004001484
300	0.4116	80.690	0.000	0.002731801
300	0.4116	83.793	0.000	0.001403029
300	0.4116	86.897	0.000	0.000518042
300	0.4116	90.000	0.000	0
300	0.4218	0.000	0.000	0.1219062
300	0.4218	3.103	0.000	0.1217506
300	0.4218	6.207	0.000	0.1212604
300	0.4218	9.310	0.000	0.1204348
300	0.4218	12.414	0.000	0.11927
300	0.4218	15.517	0.000	0.117737
300	0.4218	18.621	0.000	0.1157747
300	0.4218	21.724	0.000	0.1133194
300	0.4218	24.828	0.000	0.1103414
300	0.4218	27.931	0.000	0.1069511
300	0.4218	31.034	0.000	0.1033687
300	0.4218	34.138	0.000	0.09970205
300	0.4218	37.241	0.000	0.09583852
300	0.4218	40.345	0.000	0.09159432
300	0.4218	43.448	0.000	0.08678643
300	0.4218	46.552	0.000	0.08136002
300	0.4218	49.655	0.000	0.075663
300	0.4218	52.759	0.000	0.07026094
300	0.4218	55.862	0.000	0.06514291
300	0.4218	58.966	0.000	0.05963482
300	0.4218	62.069	0.000	0.05321461
300	0.4218	65.172	0.000	0.04629988
300	0.4218	68.276	0.000	0.03953356
300	0.4218	71.379	0.000	0.03211543
300	0.4218	74.483	0.000	0.02416298
300	0.4218	77.586	0.000	0.01839934
300	0.4218	80.690	0.000	0.01256118
300	0.4218	83.793	0.000	0.006451309
300	0.4218	86.897	0.000	0.002382024
300	0.4218	90.000	0.000	0
300	0.4320	0.000	0.000	0.3374476
300	0.4320	3.103	0.000	0.337017
300	0.4320	6.207	0.000	0.3356601
300	0.4320	9.310	0.000	0.3333747
300	0.4320	12.414	0.000	0.3301503
300	0.4320	15.517	0.000	0.325907
300	0.4320	18.621	0.000	0.3204751
300	0.4320	21.724	0.000	0.3136787
300	0.4320	24.828	0.000	0.3054353
300	0.4320	27.931	0.000	0.2960506
300	0.4320	31.034	0.000	0.2861342
300	0.4320	34.138	0.000	0.2759845
300	0.4320	37.241	0.000	0.2652899
300	0.4320	40.345	0.000	0.2535416
300	0.4320	43.448	0.000	0.2402329
300	0.4320	46.552	0.000	0.2252121
300	0.4320	49.655	0.000	0.2094422
300	0.4320	52.759	0.000	0.1944888
300	0.4320	55.862	0.000	0.1803216
300	0.4320	58.966	0.000	0.1650747
300	0.4320	62.069	0.000	0.147303
300	0.4320	65.172	0.000	0.1281624
300	0.4320	68.276	0.000	0.1094325
300	0.4320	71.379	0.000	0.08889847
300	0.4320	74.483	0.000	0.06688536
300	0.4320	77.586	0.000	0.05093108
300	0.4320	80.690	0.000	0.0347705
300	0.4320	83.793	0.000	0.01785782
300	0.4320	86.897	0.000	0.006593663
300	0.4320	90.000	0.000	0
300	0.4423	0.000	0.000	0.7601793
300	0.4423	3.103	0.000	0.7592092
300	0.4423	6.207	0.000	0.7561525
300	0.4423	9.310	0.000	0.7510041
300	0.4423	12.414	0.000	0.7437404
300	0.4423	15.517	0.000	0.7341813
300	0.4423	18.621	0.000	0.7219447
300	0.4423	21.724	0.000	0.7066343
300	0.4423	24.828	0.000	0.6880641
300	0.4423	27.931	0.000	0.666923
300	0.4423	31.034	0.000	0.6445839
300	0.4423	34.138	0.000	0.6217193
300	0.4423	37.241	0.000	0.5976272
300	0.4423	40.345	0.000	0.5711613
300	0.4423	43.448	0.000	0.5411804
300	0.4423	46.552	0.000	0.5073426
300	0.4423	49.655	0.000	0.4718172
300	0.4423	52.759	0.000	0.4381312
300	0.4423	55.862	0.000	0.4062164
300	0.4423	58.966	0.000	0.3718692
300	0.4423	62.069	0.000	0.3318342
300	0.4423	65.172	0.000	0.2887155
300	0.4423	68.276	0.000	0.2465222
300	0.4423	71.379	0.000	0.2002645
300	0.4423	74.483	0.000	0.1506748
300	0.4423	77.586	0.000	0.1147341
300	0.4423	80.690	0.000	0.07832863
300	0.4423	83.793	0.000	0.04022889
300	0.4423	86.897	0.000	0.01485376
300	0.4423	90.000	0.000	0
300	0.4525	0.000	0.000	0.9139526
300	0.4525	3.103	0.000	0.9127863
300	0.4525	6.207	0.000	0.9091113
300	0.4525	9.310	0.000	0.9029214
300	0.4525	12.414	0.000	0.8941885
300	0.4525	15.517	0.000	0.8826957
300	0.4525	18.621	0.000	0.8679838
300	0.4525	21.724	0.000	0.8495762
300	0.4525	24.828	0.000	0.8272496
300	0.4525	27.931	0.000	0.8018319
300	0.4525	31.034	0.000	0.774974
300	0.4525	34.138	0.000	0.7474842
300	0.4525	37.241	0.000	0.7185186
300	0.4525	40.345	0.000	0.6866991
300	0.4525	43.448	0.000	0.6506535
300	0.4525	46.552	0.000	0.6099707
300	0.4525	49.655	0.000	0.5672591
300	0.4525	52.759	0.000	0.5267588
300	0.4525	55.862	0.000	0.4883881
300	0.4525	58.966	0.000	0.447093
300	0.4525	62.069	0.000	0.3989595
300	0.4525	65.172	0.000	0.3471185
300	0.4525	68.276	0.000	0.2963901
300	0.4525	71.379	0.000	0.2407751
300	0.4525	74.483	0.000	0.1811542
300	0.4525	77.586	0.000	0.1379432
300	0.4525	80.690	0.000	0.09417339
300	0.4525	83.793	0.000	0.04836662
300	0.4525	86.897	0.000	0.01785846
300	0.4525	90.000	0.000	0
300	0.4627	0.000	0.000	0.4179729
300	0.4627	3.103	0.000	0.4174395
300	0.4627	6.207	0.000	0.4157588
300	0.4627	9.310	0.000	0.4129281
300	0.4627	12.414	0.000	0.4089343
300	0.4627	15.517	0.000	0.4036784
300	0.4627	18.621	0.000	0.3969502
300	0.4627	21.724	0.000	0.388532
300	0.4627	24.828	0.000	0.3783215
300	0.4627	27.931	0.000	0.3666974
300	0.4627	31.034	0.000	0.3544146
300	0.4627	34.138	0.000	0.3418428
300	0.4627	37.241	0.000	0.3285961
300	0.4627	40.345	0.000	0.3140443
300	0.4627	43.448	0.000	0.2975598
300	0.4627	46.552	0.000	0.2789545
300	0.4627	49.655	0.000	0.2594215
300	0.4627	52.759	0.000	0.2408997
300	0.4627	55.862	0.000	0.2233518
300	0.4627	58.966	0.000	0.2044666
300	0.4627	62.069	0.000	0.1824539
300	0.4627	65.172	0.000	0.1587458
300	0.4627	68.276	0.000	0.1355465
300	0.4627	71.379	0.000	0.1101124
300	0.4627	74.483	0.000	0.08284624
300	0.4627	77.586	0.000	0.06308479
300	0.4627	80.690	0.000	0.0430678
300	0.4627	83.793	0.000	0.02211924
300	0.4627	86.897	0.000	0.008167111
300	0.4627	90.000	0.000	0
300	0.4729	0.000	0.000	0.2001521
300	0.4729	3.103	0.000	0.1998967
300	0.4729	6.207	0.000	0.1990919
300	0.4729	9.310	0.000	0.1977364
300	0.4729	12.414	0.000	0.1958239
300	0.4729	15.517	0.000	0.193307
300	0.4729	18.621	0.000	0.1900852
300	0.4729	21.724	0.000	0.186054
300	0.4729	24.828	0.000	0.1811645
300	0.4729	27.931	0.000	0.1755981
300	0.4729	31.034	0.000	0.1697164
300	0.4729	34.138	0.000	0.1636962
300	0.4729	37.241	0.000	0.1573528
300	0.4729	40.345	0.000	0.1503845
300	0.4729	43.448	0.000	0.1424906
300	0.4729	46.552	0.000	0.1335813
300	0.4729	49.655	0.000	0.1242276
300	0.4729	52.759	0.000	0.1153582
300	0.4729	55.862	0.000	0.1069551
300	0.4729	58.966	0.000	0.09791166
300	0.4729	62.069	0.000	0.08737061
300	0.4729	65.172	0.000	0.07601764
300	0.4729	68.276	0.000	0.06490832
300	0.4729	71.379	0.000	0.05272883
300	0.4729	74.483	0.000	0.03967208
300	0.4729	77.586	0.000	0.03020903
300	0.4729	80.690	0.000	0.02062362
300	0.4729	83.793	0.000	0.01059211
300	0.4729	86.897	0.000	0.003910935
300	0.4729	90.000	0.000	0
300	0.4831	0.000	0.000	0.1107469
300	0.4831	3.103	0.000	0.1106056
300	0.4831	6.207	0.000	0.1101602
300	0.4831	9.310	0.000	0.1094102
300	0.4831	12.414	0.000	0.108352
300	0.4831	15.517	0.000	0.1069594
300	0.4831	18.621	0.000	0.1051767
300	0.4831	21.724	0.000	0.1029462
300	0.4831	24.828	0.000	0.1002408
300	0.4831	27.931	0.000	0.09716082
300	0.4831	31.034	0.000	0.09390635
300	0.4831	34.138	0.000	0.09057531
300	0.4831	37.241	0.000	0.08706544
300	0.4831	40.345	0.000	0.08320976
300	0.4831	43.448	0.000	0.07884198
300	0.4831	46.552	0.000	0.07391231
300	0.4831	49.655	0.000	0.06873679
300	0.4831	52.759	0.000	0.06382924
300	0.4831	55.862	0.000	0.05917971
300	0.4831	58.966	0.000	0.05417584
300	0.4831	62.069	0.000	0.04834333
300	0.4831	65.172	0.000	0.04206158
300	0.4831	68.276	0.000	0.03591464
300	0.4831	71.379	0.000	0.02917557
300	0.4831	74.483	0.000	0.02195109
300	0.4831	77.586	0.000	0.01671506
300	0.4831	80.690	0.000	0.01141132
300	0.4831	83.793	0.000	0.005860755
300	0.4831	86.897	0.000	0.002163973
300	0.4831	90.000	0.000	0
300	0.4934	0.000	0.000	0.121779
300	0.4934	3.103	0.000	0.1216235
300	0.4934	6.207	0.000	0.1211339
300	0.4934	9.310	0.000	0.1203091
300	0.4934	12.414	0.000	0.1191455
300	0.4934	15.517	0.000	0.1176141
300	0.4934	18.621	0.000	0.1156539
300	0.4934	21.724	0.000	0.1132012
300	0.4934	24.828	0.000	0.1102263
300	0.4934	27.931	0.000	0.1068395
300	0.4934	31.034	0.000	0.1032609
300	0.4934	34.138	0.000	0.09959799
300	0.4934	37.241	0.000	0.09573849
300	0.4934	40.345	0.000	0.09149872
300	0.4934	43.448	0.000	0.08669585
300	0.4934	46.552	0.000	0.0812751
300	0.4934	49.655	0.000	0.07558402
300	0.4934	52.759	0.000	0.0701876
300	0.4934	55.862	0.000	0.06507491
300	0.4934	58.966	0.000	0.05957258
300	0.4934	62.069	0.000	0.05315907
300	0.4934	65.172	0.000	0.04625156
300	0.4934	68.276	0.000	0.03949229
300	0.4934	71.379	0.000	0.0320819
300	0.4934	74.483	0.000	0.02413776
300	0.4934	77.586	0.000	0.01838014
300	0.4934	80.690	0.000	0.01254806
300	0.4934	83.793	0.000	0.006444575
300	0.4934	86.897	0.000	0.002379538
300	0.4934	90.000	0.000	0
300	0.5036	0.000	0.000	0.2163848
300	0.5036	3.103	0.000	0.2161087
300	0.5036	6.207	0.000	0.2152386
300	0.5036	9.310	0.000	0.2137731
300	0.5036	12.414	0.000	0.2117055
300	0.5036	15.517	0.000	0.2089845
300	0.5036	18.621	0.000	0.2055014
300	0.5036	21.724	0.000	0.2011432
300	0.5036	24.828	0.000	0.1958573
300	0.5036	27.931	0.000	0.1898394
300	0.5036	31.034	0.000	0.1834807
300	0.5036	34.138	0.000	0.1769722
300	0.5036	37.241	0.000	0.1701144
300	0.5036	40.345	0.000	0.1625809
300	0.5036	43.448	0.000	0.1540469
300	0.5036	46.552	0.000	0.1444149
300	0.5036	49.655	0.000	0.1343026
300	0.5036	52.759	0.000	0.1247139
300	0.5036	55.862	0.000	0.1156294
300	0.5036	58.966	0.000	0.1058525
300	0.5036	62.069	0.000	0.09445651
300	0.5036	65.172	0.000	0.08218279
300	0.5036	68.276	0.000	0.07017249
300	0.5036	71.379	0.000	0.05700523
300	0.5036	74.483	0.000	0.04288955
300	0.5036	77.586	0.000	0.03265903
300	0.5036	80.690	0.000	0.02229622
300	0.5036	83.793	0.000	0.01145114
300	0.5036	86.897	0.000	0.004228118
300	0.5036	90.000	0.000	0
300	0.5138	0.000	0.000	0.3498146
300	0.5138	3.103	0.000	0.3493682
300	0.5138	6.207	0.000	0.3479616
300	0.5138	9.310	0.000	0.3455924
300	0.5138	12.414	0.000	0.3422499
300	0.5138	15.517	0.000	0.337851
300	0.5138	18.621	0.000	0.3322201
300	0.5138	21.724	0.000	0.3251746
300	0.5138	24.828	0.000	0.3166291
300	0.5138	27.931	0.000	0.3069005
300	0.5138	31.034	0.000	0.2966207
300	0.5138	34.138	0.000	0.286099
300	0.5138	37.241	0.000	0.2750124
300	0.5138	40.345	0.000	0.2628335
300	0.5138	43.448	0.000	0.2490371
300	0.5138	46.552	0.000	0.2334658
300	0.5138	49.655	0.000	0.2171179
300	0.5138	52.759	0.000	0.2016165
300	0.5138	55.862	0.000	0.1869301
300	0.5138	58.966	0.000	0.1711245
300	0.5138	62.069	0.000	0.1527014
300	0.5138	65.172	0.000	0.1328593
300	0.5138	68.276	0.000	0.1134431
300	0.5138	71.379	0.000	0.09215648
300	0.5138	74.483	0.000	0.06933662
300	0.5138	77.586	0.000	0.05279763
300	0.5138	80.690	0.000	0.03604479
300	0.5138	83.793	0.000	0.01851228
300	0.5138	86.897	0.000	0.006835311
300	0.5138	90.000	0.000	0
300	0.5240	0.000	0.000	0.472187
300	0.5240	3.103	0.000	0.4715845
300	0.5240	6.207	0.000	0.4696858
300	0.5240	9.310	0.000	0.4664879
300	0.5240	12.414	0.000	0.461976
300	0.5240	15.517	0.000	0.4560384
300	0.5240	18.621	0.000	0.4484376
300	0.5240	21.724	0.000	0.4389274
300	0.5240	24.828	0.000	0.4273925
300	0.5240	27.931	0.000	0.4142607
300	0.5240	31.034	0.000	0.4003848
300	0.5240	34.138	0.000	0.3861823
300	0.5240	37.241	0.000	0.3712175
300	0.5240	40.345	0.000	0.3547781
300	0.5240	43.448	0.000	0.3361554
300	0.5240	46.552	0.000	0.3151369
300	0.5240	49.655	0.000	0.2930703
300	0.5240	52.759	0.000	0.2721462
300	0.5240	55.862	0.000	0.2523222
300	0.5240	58.966	0.000	0.2309874
300	0.5240	62.069	0.000	0.2061195
300	0.5240	65.172	0.000	0.1793363
300	0.5240	68.276	0.000	0.1531278
300	0.5240	71.379	0.000	0.1243947
300	0.5240	74.483	0.000	0.093592
300	0.5240	77.586	0.000	0.07126734
300	0.5240	80.690	0.000	0.048654
300	0.5240	83.793	0.000	0.02498827
300	0.5240	86.897	0.000	0.009226445
300	0.5240	90.000	0.000	0
300	0.5342	0.000	0.000	0.551252
300	0.5342	3.103	0.000	0.5505485
300	0.5342	6.207	0.000	0.5483319
300	0.5342	9.310	0.000	0.5445985
300	0.5342	12.414	0.000	0.5393312
300	0.5342	15.517	0.000	0.5323993
300	0.5342	18.621	0.000	0.5235258
300	0.5342	21.724	0.000	0.5124233
300	0.5342	24.828	0.000	0.4989569
300	0.5342	27.931	0.000	0.4836262
300	0.5342	31.034	0.000	0.4674268
300	0.5342	34.138	0.000	0.4508463
300	0.5342	37.241	0.000	0.4333757
300	0.5342	40.345	0.000	0.4141836
300	0.5342	43.448	0.000	0.3924427
300	0.5342	46.552	0.000	0.3679048
300	0.5342	49.655	0.000	0.3421432
300	0.5342	52.759	0.000	0.3177155
300	0.5342	55.862	0.000	0.2945721
300	0.5342	58.966	0.000	0.2696649
300	0.5342	62.069	0.000	0.2406331
300	0.5342	65.172	0.000	0.2093651
300	0.5342	68.276	0.000	0.1787682
300	0.5342	71.379	0.000	0.1452239
300	0.5342	74.483	0.000	0.1092634
300	0.5342	77.586	0.000	0.08320064
300	0.5342	80.690	0.000	0.05680083
300	0.5342	83.793	0.000	0.0291724
300	0.5342	86.897	0.000	0.01077136
300	0.5342	90.000	0.000	0
300	0.5445	0.000	0.000	0.5858445
300	0.5445	3.103	0.000	0.5850969
300	0.5445	6.207	0.000	0.5827412
300	0.5445	9.310	0.000	0.5787735
300	0.5445	12.414	0.000	0.5731757
300	0.5445	15.517	0.000	0.5658088
300	0.5445	18.621	0.000	0.5563785
300	0.5445	21.724	0.000	0.5445792
300	0.5445	24.828	0.000	0.5302678
300	0.5445	27.931	0.000	0.513975
300	0.5445	31.034	0.000	0.4967591
300	0.5445	34.138	0.000	0.4791381
300	0.5445	37.241	0.000	0.4605711
300	0.5445	40.345	0.000	0.4401748
300	0.5445	43.448	0.000	0.4170695
300	0.5445	46.552	0.000	0.3909918
300	0.5445	49.655	0.000	0.3636136
300	0.5445	52.759	0.000	0.337653
300	0.5445	55.862	0.000	0.3130572
300	0.5445	58.966	0.000	0.286587
300	0.5445	62.069	0.000	0.2557334
300	0.5445	65.172	0.000	0.2225033
300	0.5445	68.276	0.000	0.1899864
300	0.5445	71.379	0.000	0.1543371
300	0.5445	74.483	0.000	0.11612
300	0.5445	77.586	0.000	0.0884217
300	0.5445	80.690	0.000	0.06036523
300	0.5445	83.793	0.000	0.03100305
300	0.5445	86.897	0.000	0.01144729
300	0.5445	90.000	0.000	0
300	0.5547	0.000	0.000	0.6045053
300	0.5547	3.103	0.000	0.6037339
300	0.5547	6.207	0.000	0.6013032
300	0.5547	9.310	0.000	0.5972091
300	0.5547	12.414	0.000	0.5914329
300	0.5547	15.517	0.000	0.5838314
300	0.5547	18.621	0.000	0.5741007
300	0.5547	21.724	0.000	0.5619256
300	0.5547	24.828	0.000	0.5471583
300	0.5547	27.931	0.000	0.5303466
300	0.5547	31.034	0.000	0.5125823
300	0.5547	34.138	0.000	0.4944
300	0.5547	37.241	0.000	0.4752416
300	0.5547	40.345	0.000	0.4541956
300	0.5547	43.448	0.000	0.4303543
300	0.5547	46.552	0.000	0.403446
300	0.5547	49.655	0.000	0.3751957
300	0.5547	52.759	0.000	0.3484081
300	0.5547	55.862	0.000	0.323029
300	0.5547	58.966	0.000	0.2957156
300	0.5547	62.069	0.000	0.2638792
300	0.5547	65.172	0.000	0.2295907
300	0.5547	68.276	0.000	0.196038
300	0.5547	71.379	0.000	0.1592532
300	0.5547	74.483	0.000	0.1198188
300	0.5547	77.586	0.000	0.09123818
300	0.5547	80.690	0.000	0.06228803
300	0.5547	83.793	0.000	0.03199058
300	0.5547	86.897	0.000	0.01181192
300	0.5547	90.000	0.000	0
300	0.5649	0.000	0.000	0.6151915
300	0.5649	3.103	0.000	0.6144064
300	0.5649	6.207	0.000	0.6119327
300	0.5649	9.310	0.000	0.6077663
300	0.5649	12.414	0.000	0.601888
300	0.5649	15.517	0.000	0.5941521
300	0.5649	18.621	0.000	0.5842494
300	0.5649	21.724	0.000	0.571859
300	0.5649	24.828	0.000	0.5568307
300	0.5649	27.931	0.000	0.5397218
300	0.5649	31.034	0.000	0.5216435
300	0.5649	34.138	0.000	0.5031397
300	0.5649	37.241	0.000	0.4836427
300	0.5649	40.345	0.000	0.4622246
300	0.5649	43.448	0.000	0.4379619
300	0.5649	46.552	0.000	0.4105779
300	0.5649	49.655	0.000	0.3818282
300	0.5649	52.759	0.000	0.3545671
300	0.5649	55.862	0.000	0.3287393
300	0.5649	58.966	0.000	0.3009431
300	0.5649	62.069	0.000	0.268544
300	0.5649	65.172	0.000	0.2336493
300	0.5649	68.276	0.000	0.1995034
300	0.5649	71.379	0.000	0.1620684
300	0.5649	74.483	0.000	0.1219369
300	0.5649	77.586	0.000	0.09285104
300	0.5649	80.690	0.000	0.06338914
300	0.5649	83.793	0.000	0.0325561
300	0.5649	86.897	0.000	0.01202072
300	0.5649	90.000	0.000	0
300	0.5751	0.000	0.000	0.6137607
300	0.5751	3.103	0.000	0.6129774
300	0.5751	6.207	0.000	0.6105095
300	0.5751	9.310	0.000	0.6063527
300	0.5751	12.414	0.000	0.6004881
300	0.5751	15.517	0.000	0.5927702
300	0.5751	18.621	0.000	0.5828906
300	0.5751	21.724	0.000	0.570529
300	0.5751	24.828	0.000	0.5555357
300	0.5751	27.931	0.000	0.5384665
300	0.5751	31.034	0.000	0.5204303
300	0.5751	34.138	0.000	0.5019696
300	0.5751	37.241	0.000	0.4825179
300	0.5751	40.345	0.000	0.4611496
300	0.5751	43.448	0.000	0.4369434
300	0.5751	46.552	0.000	0.409623
300	0.5751	49.655	0.000	0.3809402
300	0.5751	52.759	0.000	0.3537425
300	0.5751	55.862	0.000	0.3279748
300	0.5751	58.966	0.000	0.3002432
300	0.5751	62.069	0.000	0.2679194
300	0.5751	65.172	0.000	0.2331059
300	0.5751	68.276	0.000	0.1990394
300	0.5751	71.379	0.000	0.1616914
300	0.5751	74.483	0.000	0.1216533
300	0.5751	77.586	0.000	0.0926351
300	0.5751	80.690	0.000	0.06324171
300	0.5751	83.793	0.000	0.03248038
300	0.5751	86.897	0.000	0.01199277
300	0.5751	90.000	0.000	0
300	0.5853	0.000	0.000	0.5984744
300	0.5853	3.103	0.000	0.5977106
300	0.5853	6.207	0.000	0.5953041
300	0.5853	9.310	0.000	0.5912509
300	0.5853	12.414	0.000	0.5855324
300	0.5853	15.517	0.000	0.5780067
300	0.5853	18.621	0.000	0.5683731
300	0.5853	21.724	0.000	0.5563194
300	0.5853	24.828	0.000	0.5416995
300	0.5853	27.931	0.000	0.5250555
300	0.5853	31.034	0.000	0.5074684
300	0.5853	34.138	0.000	0.4894675
300	0.5853	37.241	0.000	0.4705003
300	0.5853	40.345	0.000	0.4496642
300	0.5853	43.448	0.000	0.4260608
300	0.5853	46.552	0.000	0.3994209
300	0.5853	49.655	0.000	0.3714525
300	0.5853	52.759	0.000	0.3449322
300	0.5853	55.862	0.000	0.3198062
300	0.5853	58.966	0.000	0.2927654
300	0.5853	62.069	0.000	0.2612466
300	0.5853	65.172	0.000	0.2273001
300	0.5853	68.276	0.000	0.1940822
300	0.5853	71.379	0.000	0.1576643
300	0.5853	74.483	0.000	0.1186234
300	0.5853	77.586	0.000	0.09032793
300	0.5853	80.690	0.000	0.06166661
300	0.5853	83.793	0.000	0.03167142
300	0.5853	86.897	0.000	0.01169408
300	0.5853	90.000	0.000	0
300	0.5956	0.000	0.000	0.5681129
300	0.5956	3.103	0.000	0.5673879
300	0.5956	6.207	0.000	0.5651035
300	0.5956	9.310	0.000	0.5612559
300	0.5956	12.414	0.000	0.5558275
300	0.5956	15.517	0.000	0.5486836
300	0.5956	18.621	0.000	0.5395387
300	0.5956	21.724	0.000	0.5280966
300	0.5956	24.828	0.000	0.5142183
300	0.5956	27.931	0.000	0.4984187
300	0.5956	31.034	0.000	0.4817238
300	0.5956	34.138	0.000	0.4646361
300	0.5956	37.241	0.000	0.4466311
300	0.5956	40.345	0.000	0.4268521
300	0.5956	43.448	0.000	0.4044462
300	0.5956	46.552	0.000	0.3791578
300	0.5956	49.655	0.000	0.3526082
300	0.5956	52.759	0.000	0.3274333
300	0.5956	55.862	0.000	0.303582
300	0.5956	58.966	0.000	0.277913
300	0.5956	62.069	0.000	0.2479932
300	0.5956	65.172	0.000	0.2157689
300	0.5956	68.276	0.000	0.1842361
300	0.5956	71.379	0.000	0.1496658
300	0.5956	74.483	0.000	0.1126054
300	0.5956	77.586	0.000	0.08574546
300	0.5956	80.690	0.000	0.05853817
300	0.5956	83.793	0.000	0.03006469
300	0.5956	86.897	0.000	0.01110082
300	0.5956	90.000	0.000	0
300	0.6058	0.000	0.000	0.5227499
300	0.6058	3.103	0.000	0.5220828
300	0.6058	6.207	0.000	0.5199808
300	0.6058	9.310	0.000	0.5164405
300	0.6058	12.414	0.000	0.5114455
300	0.6058	15.517	0.000	0.504872
300	0.6058	18.621	0.000	0.4964573
300	0.6058	21.724	0.000	0.4859288
300	0.6058	24.828	0.000	0.4731587
300	0.6058	27.931	0.000	0.4586207
300	0.6058	31.034	0.000	0.4432589
300	0.6058	34.138	0.000	0.4275356
300	0.6058	37.241	0.000	0.4109683
300	0.6058	40.345	0.000	0.3927686
300	0.6058	43.448	0.000	0.3721517
300	0.6058	46.552	0.000	0.3488826
300	0.6058	49.655	0.000	0.324453
300	0.6058	52.759	0.000	0.3012882
300	0.6058	55.862	0.000	0.2793414
300	0.6058	58.966	0.000	0.255722
300	0.6058	62.069	0.000	0.2281913
300	0.6058	65.172	0.000	0.19854
300	0.6058	68.276	0.000	0.1695251
300	0.6058	71.379	0.000	0.1377152
300	0.6058	74.483	0.000	0.1036141
300	0.6058	77.586	0.000	0.07889882
300	0.6058	80.690	0.000	0.05386399
300	0.6058	83.793	0.000	0.02766407
300	0.6058	86.897	0.000	0.01021443
300	0.6058	90.000	0.000	0
300	0.6160	0.000	0.000	0.4674168
300	0.6160	3.103	0.000	0.4668203
300	0.6160	6.207	0.000	0.4649408
300	0.6160	9.310	0.000	0.4617752
300	0.6160	12.414	0.000	0.4573089
300	0.6160	15.517	0.000	0.4514312
300	0.6160	18.621	0.000	0.4439072
300	0.6160	21.724	0.000	0.4344932
300	0.6160	24.828	0.000	0.4230748
300	0.6160	27.931	0.000	0.4100756
300	0.6160	31.034	0.000	0.3963399
300	0.6160	34.138	0.000	0.3822809
300	0.6160	37.241	0.000	0.3674672
300	0.6160	40.345	0.000	0.351194
300	0.6160	43.448	0.000	0.3327594
300	0.6160	46.552	0.000	0.3119533
300	0.6160	49.655	0.000	0.2901096
300	0.6160	52.759	0.000	0.2693968
300	0.6160	55.862	0.000	0.2497731
300	0.6160	58.966	0.000	0.2286538
300	0.6160	62.069	0.000	0.2040372
300	0.6160	65.172	0.000	0.1775245
300	0.6160	68.276	0.000	0.1515809
300	0.6160	71.379	0.000	0.123138
300	0.6160	74.483	0.000	0.09264649
300	0.6160	77.586	0.000	0.07054736
300	0.6160	80.690	0.000	0.04816248
300	0.6160	83.793	0.000	0.02473582
300	0.6160	86.897	0.000	0.009133235
300	0.6160	90.000	0.000	0
300	0.6262	0.000	0.000	0.4077556
300	0.6262	3.103	0.000	0.4072353
300	0.6262	6.207	0.000	0.4055957
300	0.6262	9.310	0.000	0.4028341
300	0.6262	12.414	0.000	0.3989379
300	0.6262	15.517	0.000	0.3938105
300	0.6262	18.621	0.000	0.3872468
300	0.6262	21.724	0.000	0.3790344
300	0.6262	24.828	0.000	0.3690735
300	0.6262	27.931	0.000	0.3577335
300	0.6262	31.034	0.000	0.345751
300	0.6262	34.138	0.000	0.3334865
300	0.6262	37.241	0.000	0.3205636
300	0.6262	40.345	0.000	0.3063675
300	0.6262	43.448	0.000	0.2902859
300	0.6262	46.552	0.000	0.2721355
300	0.6262	49.655	0.000	0.2530799
300	0.6262	52.759	0.000	0.235011
300	0.6262	55.862	0.000	0.217892
300	0.6262	58.966	0.000	0.1994684
300	0.6262	62.069	0.000	0.1779939
300	0.6262	65.172	0.000	0.1548653
300	0.6262	68.276	0.000	0.1322331
300	0.6262	71.379	0.000	0.1074207
300	0.6262	74.483	0.000	0.08082107
300	0.6262	77.586	0.000	0.06154269
300	0.6262	80.690	0.000	0.04201501
300	0.6262	83.793	0.000	0.02157854
300	0.6262	86.897	0.000	0.007967467
300	0.6262	90.000	0.000	0
300	0.6364	0.000	0.000	0.3456356
300	0.6364	3.103	0.000	0.3451945
300	0.6364	6.207	0.000	0.3438047
300	0.6364	9.310	0.000	0.3414638
300	0.6364	12.414	0.000	0.3381612
300	0.6364	15.517	0.000	0.3338149
300	0.6364	18.621	0.000	0.3282512
300	0.6364	21.724	0.000	0.3212899
300	0.6364	24.828	0.000	0.3128465
300	0.6364	27.931	0.000	0.3032341
300	0.6364	31.034	0.000	0.2930771
300	0.6364	34.138	0.000	0.2826811
300	0.6364	37.241	0.000	0.271727
300	0.6364	40.345	0.000	0.2596936
300	0.6364	43.448	0.000	0.246062
300	0.6364	46.552	0.000	0.2306767
300	0.6364	49.655	0.000	0.2145241
300	0.6364	52.759	0.000	0.1992079
300	0.6364	55.862	0.000	0.184697
300	0.6364	58.966	0.000	0.1690801
300	0.6364	62.069	0.000	0.1508772
300	0.6364	65.172	0.000	0.1312721
300	0.6364	68.276	0.000	0.1120878
300	0.6364	71.379	0.000	0.09105553
300	0.6364	74.483	0.000	0.06850828
300	0.6364	77.586	0.000	0.05216689
300	0.6364	80.690	0.000	0.03561418
300	0.6364	83.793	0.000	0.01829113
300	0.6364	86.897	0.000	0.006753653
300	0.6364	90.000	0.000	0
300	0.6467	0.000	0.000	0.2837025
300	0.6467	3.103	0.000	0.2833404
300	0.6467	6.207	0.000	0.2821997
300	0.6467	9.310	0.000	0.2802783
300	0.6467	12.414	0.000	0.2775674
300	0.6467	15.517	0.000	0.2739999
300	0.6467	18.621	0.000	0.2694332
300	0.6467	21.724	0.000	0.2637192
300	0.6467	24.828	0.000	0.2567888
300	0.6467	27.931	0.000	0.2488988
300	0.6467	31.034	0.000	0.2405618
300	0.6467	34.138	0.000	0.2320286
300	0.6467	37.241	0.000	0.2230373
300	0.6467	40.345	0.000	0.2131601
300	0.6467	43.448	0.000	0.2019711
300	0.6467	46.552	0.000	0.1893426
300	0.6467	49.655	0.000	0.1760844
300	0.6467	52.759	0.000	0.1635126
300	0.6467	55.862	0.000	0.1516019
300	0.6467	58.966	0.000	0.1387833
300	0.6467	62.069	0.000	0.1238421
300	0.6467	65.172	0.000	0.10775
300	0.6467	68.276	0.000	0.09200326
300	0.6467	71.379	0.000	0.07473964
300	0.6467	74.483	0.000	0.05623255
300	0.6467	77.586	0.000	0.04281931
300	0.6467	80.690	0.000	0.02923261
300	0.6467	83.793	0.000	0.01501361
300	0.6467	86.897	0.000	0.005543493
300	0.6467	90.000	0.000	0
300	0.6569	0.000	0.000	0.2277053
300	0.6569	3.103	0.000	0.2274147
300	0.6569	6.207	0.000	0.2264991
300	0.6569	9.310	0.000	0.2249569
300	0.6569	12.414	0.000	0.2227812
300	0.6569	15.517	0.000	0.2199178
300	0.6569	18.621	0.000	0.2162524
300	0.6569	21.724	0.000	0.2116663
300	0.6569	24.828	0.000	0.2061038
300	0.6569	27.931	0.000	0.1997711
300	0.6569	31.034	0.000	0.1930797
300	0.6569	34.138	0.000	0.1862307
300	0.6569	37.241	0.000	0.1790142
300	0.6569	40.345	0.000	0.1710865
300	0.6569	43.448	0.000	0.162106
300	0.6569	46.552	0.000	0.1519702
300	0.6569	49.655	0.000	0.1413289
300	0.6569	52.759	0.000	0.1312385
300	0.6569	55.862	0.000	0.1216787
300	0.6569	58.966	0.000	0.1113903
300	0.6569	62.069	0.000	0.09939812
300	0.6569	65.172	0.000	0.08648229
300	0.6569	68.276	0.000	0.07384365
300	0.6569	71.379	0.000	0.05998753
300	0.6569	74.483	0.000	0.04513337
300	0.6569	77.586	0.000	0.03436763
300	0.6569	80.690	0.000	0.02346268
300	0.6569	83.793	0.000	0.01205022
300	0.6569	86.897	0.000	0.004449318
300	0.6569	90.000	0.000	0
300	0.6671	0.000	0.000	0.182987
300	0.6671	3.103	0.000	0.1827535
300	0.6671	6.207	0.000	0.1820177
300	0.6671	9.310	0.000	0.1807784
300	0.6671	12.414	0.000	0.1790299
300	0.6671	15.517	0.000	0.1767289
300	0.6671	18.621	0.000	0.1737834
300	0.6671	21.724	0.000	0.1700979
300	0.6671	24.828	0.000	0.1656278
300	0.6671	27.931	0.000	0.1605388
300	0.6671	31.034	0.000	0.1551614
300	0.6671	34.138	0.000	0.1496575
300	0.6671	37.241	0.000	0.1438582
300	0.6671	40.345	0.000	0.1374875
300	0.6671	43.448	0.000	0.1302706
300	0.6671	46.552	0.000	0.1221253
300	0.6671	49.655	0.000	0.1135738
300	0.6671	52.759	0.000	0.105465
300	0.6671	55.862	0.000	0.09778262
300	0.6671	58.966	0.000	0.08951472
300	0.6671	62.069	0.000	0.07987767
300	0.6671	65.172	0.000	0.06949834
300	0.6671	68.276	0.000	0.05934175
300	0.6671	71.379	0.000	0.04820679
300	0.6671	74.483	0.000	0.03626978
300	0.6671	77.586	0.000	0.02761829
300	0.6671	80.690	0.000	0.01885493
300	0.6671	83.793	0.000	0.009683723
300	0.6671	86.897	0.000	0.003575532
300	0.6671	90.000	0.000	0
300	0.6773	0.000	0.000	0.1451655
300	0.6773	3.103	0.000	0.1449802
300	0.6773	6.207	0.000	0.1443965
300	0.6773	9.310	0.000	0.1434133
300	0.6773	12.414	0.000	0.1420263
300	0.6773	15.517	0.000	0.1402008
300	0.6773	18.621	0.000	0.1378641
300	0.6773	21.724	0.000	0.1349404
300	0.6773	24.828	0.000	0.1313942
300	0.6773	27.931	0.000	0.127357
300	0.6773	31.034	0.000	0.1230911
300	0.6773	34.138	0.000	0.1187249
300	0.6773	37.241	0.000	0.1141242
300	0.6773	40.345	0.000	0.1090702
300	0.6773	43.448	0.000	0.103345
300	0.6773	46.552	0.000	0.09688322
300	0.6773	49.655	0.000	0.09009923
300	0.6773	52.759	0.000	0.08366647
300	0.6773	55.862	0.000	0.07757194
300	0.6773	58.966	0.000	0.07101294
300	0.6773	62.069	0.000	0.06336777
300	0.6773	65.172	0.000	0.05513374
300	0.6773	68.276	0.000	0.04707642
300	0.6773	71.379	0.000	0.03824294
300	0.6773	74.483	0.000	0.02877319
300	0.6773	77.586	0.000	0.02190987
300	0.6773	80.690	0.000	0.0149578
300	0.6773	83.793	0.000	0.007682195
300	0.6773	86.897	0.000	0.002836506
300	0.6773	90.000	0.000	0
300	0.6875	0.000	0.000	0.1072504
300	0.6875	3.103	0.000	0.1071135
300	0.6875	6.207	0.000	0.1066823
300	0.6875	9.310	0.000	0.1059559
300	0.6875	12.414	0.000	0.1049311
300	0.6875	15.517	0.000	0.1035825
300	0.6875	18.621	0.000	0.1018561
300	0.6875	21.724	0.000	0.09969598
300	0.6875	24.828	0.000	0.09707599
300	0.6875	27.931	0.000	0.09409328
300	0.6875	31.034	0.000	0.09094156
300	0.6875	34.138	0.000	0.08771569
300	0.6875	37.241	0.000	0.08431664
300	0.6875	40.345	0.000	0.08058269
300	0.6875	43.448	0.000	0.07635281
300	0.6875	46.552	0.000	0.07157877
300	0.6875	49.655	0.000	0.06656665
300	0.6875	52.759	0.000	0.06181404
300	0.6875	55.862	0.000	0.05731131
300	0.6875	58.966	0.000	0.05246542
300	0.6875	62.069	0.000	0.04681705
300	0.6875	65.172	0.000	0.04073363
300	0.6875	68.276	0.000	0.03478076
300	0.6875	71.379	0.000	0.02825445
300	0.6875	74.483	0.000	0.02125806
300	0.6875	77.586	0.000	0.01618734
300	0.6875	80.690	0.000	0.01105105
300	0.6875	83.793	0.000	0.005675721
300	0.6875	86.897	0.000	0.002095653
300	0.6875	90.000	0.000	0
300	0.6978	0.000	0.000	0.08934935
300	0.6978	3.103	0.000	0.08923533
300	0.6978	6.207	0.000	0.08887605
300	0.6978	9.310	0.000	0.08827092
300	0.6978	12.414	0.000	0.08741718
300	0.6978	15.517	0.000	0.08629363
300	0.6978	18.621	0.000	0.08485537
300	0.6978	21.724	0.000	0.08305582
300	0.6978	24.828	0.000	0.08087313
300	0.6978	27.931	0.000	0.07838827
300	0.6978	31.034	0.000	0.0757626
300	0.6978	34.138	0.000	0.07307515
300	0.6978	37.241	0.000	0.07024343
300	0.6978	40.345	0.000	0.06713271
300	0.6978	43.448	0.000	0.06360884
300	0.6978	46.552	0.000	0.05963163
300	0.6978	49.655	0.000	0.05545608
300	0.6978	52.759	0.000	0.05149672
300	0.6978	55.862	0.000	0.04774554
300	0.6978	58.966	0.000	0.04370847
300	0.6978	62.069	0.000	0.03900287
300	0.6978	65.172	0.000	0.03393482
300	0.6978	68.276	0.000	0.02897554
300	0.6978	71.379	0.000	0.02353853
300	0.6978	74.483	0.000	0.0177099
300	0.6978	77.586	0.000	0.01348553
300	0.6978	80.690	0.000	0.009206529
300	0.6978	83.793	0.000	0.004728392
300	0.6978	86.897	0.000	0.001745869
300	0.6978	90.000	0.000	0
300	0.7080	0.000	0.000	0.06504027
300	0.7080	3.103	0.000	0.06495727
300	0.7080	6.207	0.000	0.06469574
300	0.7080	9.310	0.000	0.06425525
300	0.7080	12.414	0.000	0.06363378
300	0.7080	15.517	0.000	0.06281591
300	0.7080	18.621	0.000	0.06176896
300	0.7080	21.724	0.000	0.06045901
300	0.7080	24.828	0.000	0.05887016
300	0.7080	27.931	0.000	0.05706134
300	0.7080	31.034	0.000	0.05515004
300	0.7080	34.138	0.000	0.05319376
300	0.7080	37.241	0.000	0.05113246
300	0.7080	40.345	0.000	0.04886806
300	0.7080	43.448	0.000	0.04630292
300	0.7080	46.552	0.000	0.04340778
300	0.7080	49.655	0.000	0.04036827
300	0.7080	52.759	0.000	0.03748612
300	0.7080	55.862	0.000	0.03475551
300	0.7080	58.966	0.000	0.0318168
300	0.7080	62.069	0.000	0.02839144
300	0.7080	65.172	0.000	0.02470225
300	0.7080	68.276	0.000	0.02109222
300	0.7080	71.379	0.000	0.01713445
300	0.7080	74.483	0.000	0.01289161
300	0.7080	77.586	0.000	0.009816549
300	0.7080	80.690	0.000	0.006701729
300	0.7080	83.793	0.000	0.003441949
300	0.7080	86.897	0.000	0.001270875
300	0.7080	90.000	0.000	0
300	0.7182	0.000	0.000	0.04778727
300	0.7182	3.103	0.000	0.04772629
300	0.7182	6.207	0.000	0.04753414
300	0.7182	9.310	0.000	0.04721049
300	0.7182	12.414	0.000	0.04675388
300	0.7182	15.517	0.000	0.04615296
300	0.7182	18.621	0.000	0.04538373
300	0.7182	21.724	0.000	0.04442127
300	0.7182	24.828	0.000	0.04325388
300	0.7182	27.931	0.000	0.04192489
300	0.7182	31.034	0.000	0.04052059
300	0.7182	34.138	0.000	0.03908324
300	0.7182	37.241	0.000	0.03756874
300	0.7182	40.345	0.000	0.03590501
300	0.7182	43.448	0.000	0.03402031
300	0.7182	46.552	0.000	0.03189316
300	0.7182	49.655	0.000	0.02965992
300	0.7182	52.759	0.000	0.02754231
300	0.7182	55.862	0.000	0.02553604
300	0.7182	58.966	0.000	0.02337687
300	0.7182	62.069	0.000	0.02086015
300	0.7182	65.172	0.000	0.01814957
300	0.7182	68.276	0.000	0.01549717
300	0.7182	71.379	0.000	0.01258926
300	0.7182	74.483	0.000	0.009471896
300	0.7182	77.586	0.000	0.007212549
300	0.7182	80.690	0.000	0.004923985
300	0.7182	83.793	0.000	0.002528915
300	0.7182	86.897	0.000	0.0009337543
300	0.7182	90.000	0.000	0
300	0.7284	0.000	0.000	0.0351401
300	0.7284	3.103	0.000	0.03509526
300	0.7284	6.207	0.000	0.03495396
300	0.7284	9.310	0.000	0.03471597
300	0.7284	12.414	0.000	0.0343802
300	0.7284	15.517	0.000	0.03393832
300	0.7284	18.621	0.000	0.03337267
300	0.7284	21.724	0.000	0.03266492
300	0.7284	24.828	0.000	0.0318065
300	0.7284	27.931	0.000	0.03082923
300	0.7284	31.034	0.000	0.02979658
300	0.7284	34.138	0.000	0.02873964
300	0.7284	37.241	0.000	0.02762596
300	0.7284	40.345	0.000	0.02640254
300	0.7284	43.448	0.000	0.02501664
300	0.7284	46.552	0.000	0.02345245
300	0.7284	49.655	0.000	0.02181026
300	0.7284	52.759	0.000	0.02025308
300	0.7284	55.862	0.000	0.01877779
300	0.7284	58.966	0.000	0.01719005
300	0.7284	62.069	0.000	0.01533939
300	0.7284	65.172	0.000	0.01334618
300	0.7284	68.276	0.000	0.01139575
300	0.7284	71.379	0.000	0.00925744
300	0.7284	74.483	0.000	0.006965105
300	0.7284	77.586	0.000	0.005303707
300	0.7284	80.690	0.000	0.003620825
300	0.7284	83.793	0.000	0.001859624
300	0.7284	86.897	0.000	0.0006866309
300	0.7284	90.000	0.000	0
300	0.7386	0.000	0.000	0.02462266
300	0.7386	3.103	0.000	0.02459124
300	0.7386	6.207	0.000	0.02449223
300	0.7386	9.310	0.000	0.02432547
300	0.7386	12.414	0.000	0.0240902
300	0.7386	15.517	0.000	0.02378057
300	0.7386	18.621	0.000	0.02338422
300	0.7386	21.724	0.000	0.0228883
300	0.7386	24.828	0.000	0.0222868
300	0.7386	27.931	0.000	0.02160203
300	0.7386	31.034	0.000	0.02087846
300	0.7386	34.138	0.000	0.02013786
300	0.7386	37.241	0.000	0.0193575
300	0.7386	40.345	0.000	0.01850026
300	0.7386	43.448	0.000	0.01752916
300	0.7386	46.552	0.000	0.01643313
300	0.7386	49.655	0.000	0.01528244
300	0.7386	52.759	0.000	0.01419133
300	0.7386	55.862	0.000	0.01315759
300	0.7386	58.966	0.000	0.01204506
300	0.7386	62.069	0.000	0.01074831
300	0.7386	65.172	0.000	0.009351668
300	0.7386	68.276	0.000	0.007985001
300	0.7386	71.379	0.000	0.006486685
300	0.7386	74.483	0.000	0.004880447
300	0.7386	77.586	0.000	0.003716306
300	0.7386	80.690	0.000	0.002537111
300	0.7386	83.793	0.000	0.001303038
300	0.7386	86.897	0.000	0.0004811221
300	0.7386	90.000	0.000	0
300	0.7489	0.000	0.000	0.01595481
300	0.7489	3.103	0.000	0.01593445
300	0.7489	6.207	0.000	0.0158703
300	0.7489	9.310	0.000	0.01576224
300	0.7489	12.414	0.000	0.01560979
300	0.7489	15.517	0.000	0.01540916
300	0.7489	18.621	0.000	0.01515234
300	0.7489	21.724	0.000	0.014831
300	0.7489	24.828	0.000	0.01444124
300	0.7489	27.931	0.000	0.01399753
300	0.7489	31.034	0.000	0.01352867
300	0.7489	34.138	0.000	0.01304878
300	0.7489	37.241	0.000	0.01254313
300	0.7489	40.345	0.000	0.01198766
300	0.7489	43.448	0.000	0.01135841
300	0.7489	46.552	0.000	0.01064822
300	0.7489	49.655	0.000	0.009902604
300	0.7489	52.759	0.000	0.009195595
300	0.7489	55.862	0.000	0.008525758
300	0.7489	58.966	0.000	0.007804872
300	0.7489	62.069	0.000	0.006964609
300	0.7489	65.172	0.000	0.006059625
300	0.7489	68.276	0.000	0.005174063
300	0.7489	71.379	0.000	0.004203195
300	0.7489	74.483	0.000	0.003162397
300	0.7489	77.586	0.000	0.002408065
300	0.7489	80.690	0.000	0.001643979
300	0.7489	83.793	0.000	0.0008443329
300	0.7489	86.897	0.000	0.000311754
300	0.7489	90.000	0.000	0
300	0.7591	0.000	0.000	0.0116439
300	0.7591	3.103	0.000	0.01162904
300	0.7591	6.207	0.000	0.01158222
300	0.7591	9.310	0.000	0.01150336
300	0.7591	12.414	0.000	0.0113921
300	0.7591	15.517	0.000	0.01124568
300	0.7591	18.621	0.000	0.01105825
300	0.7591	21.724	0.000	0.01082373
300	0.7591	24.828	0.000	0.01053929
300	0.7591	27.931	0.000	0.01021546
300	0.7591	31.034	0.000	0.009873289
300	0.7591	34.138	0.000	0.009523064
300	0.7591	37.241	0.000	0.009154039
300	0.7591	40.345	0.000	0.008748652
300	0.7591	43.448	0.000	0.008289426
300	0.7591	46.552	0.000	0.007771121
300	0.7591	49.655	0.000	0.007226968
300	0.7591	52.759	0.000	0.006710989
300	0.7591	55.862	0.000	0.00622214
300	0.7591	58.966	0.000	0.005696034
300	0.7591	62.069	0.000	0.005082806
300	0.7591	65.172	0.000	0.004422344
300	0.7591	68.276	0.000	0.003776056
300	0.7591	71.379	0.000	0.003067512
300	0.7591	74.483	0.000	0.002307932
300	0.7591	77.586	0.000	0.001757417
300	0.7591	80.690	0.000	0.001199784
300	0.7591	83.793	0.000	0.0006161982
300	0.7591	86.897	0.000	0.0002275196
300	0.7591	90.000	0.000	0
300	0.7693	0.000	0.000	0.007643393
300	0.7693	3.103	0.000	0.007633639
300	0.7693	6.207	0.000	0.007602905
300	0.7693	9.310	0.000	0.007551139
300	0.7693	12.414	0.000	0.007478105
300	0.7693	15.517	0.000	0.007381991
300	0.7693	18.621	0.000	0.007258955
300	0.7693	21.724	0.000	0.007105013
300	0.7693	24.828	0.000	0.006918295
300	0.7693	27.931	0.000	0.006705726
300	0.7693	31.034	0.000	0.006481114
300	0.7693	34.138	0.000	0.006251216
300	0.7693	37.241	0.000	0.006008977
300	0.7693	40.345	0.000	0.00574287
300	0.7693	43.448	0.000	0.00544142
300	0.7693	46.552	0.000	0.005101189
300	0.7693	49.655	0.000	0.004743992
300	0.7693	52.759	0.000	0.004405288
300	0.7693	55.862	0.000	0.004084393
300	0.7693	58.966	0.000	0.003739042
300	0.7693	62.069	0.000	0.003336501
300	0.7693	65.172	0.000	0.002902955
300	0.7693	68.276	0.000	0.002478713
300	0.7693	71.379	0.000	0.002013604
300	0.7693	74.483	0.000	0.001514994
300	0.7693	77.586	0.000	0.00115362
300	0.7693	80.690	0.000	0.0007875728
300	0.7693	83.793	0.000	0.0004044904
300	0.7693	86.897	0.000	0.0001493505
300	0.7693	90.000	0.000	0
300	0.7795	0.000	0.000	0
300	0.7795	3.103	0.000	0
300	0.7795	6.207	0.000	0
300	0.7795	9.310	0.000	0
300	0.7795	12.414	0.000	0
300	0.7795	15.517	0.000	0
300	0.7795	18.621	0.000	0
300	0.7795	21.724	0.000	0
300	0.7795	24.828	0.000	0
300	0.7795	27.931	0.000	0
300	0.7795	31.034	0.000	0
300	0.7795	34.138	0.000	0
300	0.7795	37.241	0.000	0
300	0.7795	40.345	0.000	0
300	0.7795	43.448	0.000	0
300	0.7795	46.552	0.000	0
300	0.7795	49.655	0.000	0
300	0.7795	52.759	0.000	0
300	0.7795	55.862	0.000	0
300	0.7795	58.966	0.000	0
300	0.7795	62.069	0.000	0
300	0.7795	65.172	0.000	0
300	0.7795	68.276	0.000	0
300	0.7795	71.379	0.000	0
300	0.7795	74.483	0.000	0
300	0.7795	77.586	0.000	0
300	0.7795	80.690	0.000	0
300	0.7795	83.793	0.000	0
300	0.7795	86.897	0.000	0
300	0.7795	90.000	0.000	0
SAVE-DATA
